9980407950517
9990173295263
9990262549422
9990262549471
9990262549519
9990262549556
9990262549620
9990286395798
9990286471073
9990286474511
9990286478232
9990289148373
9990289237970
9990290358831
9990290614529
9990290875468
9990293307067
9990327267019
9990327521141
9990334158924
9990384884460
9990388603211
9990391350594
9990401732180
9990401748571
9990406396157
9990424174721
9990424272896
9990425581043
9990429548261
9990429640163
9990429812174
9990430062238
9990431792350
9990432079372
9990433350217
9990441556426
9990444236782
9990447516446
9990447524190
9990448123144
9990448138288
9990448202528
9990451341170
9990451399089
9990451505541
9990451573308
9990512481074
